0,63,23,6,8
1,70,20,5,5
2,66,22,6,6
3,56,27,8,9
4,59,24,5,12
5,64,21,5,10
6,57,27,6,10
7,63,25,4,8
8,58,25,3,14
9,51,37,3,9
10,59,24,5,12
11,65,22,8,5
12,58,26,3,13
13,65,21,4,10
14,61,19,5,15
15,55,24,6,15
16,63,21,2,14
17,60,23,5,12
18,60,26,4,10
