0,63,23,4,10
1,81,9,8,2
2,53,35,2,10
3,56,27,5,12
4,62,21,9,8
5,61,24,3,12
6,56,28,5,11
7,60,28,3,9
8,58,25,4,13
9,55,33,3,9
10,66,17,6,11
11,76,11,10,3
12,53,31,2,14
13,69,17,6,8
14,60,20,8,12
15,51,28,8,13
16,67,17,2,14
17,61,22,4,13
18,64,22,6,8
