0,86,0,14,0
1,74,16,5,5
2,73,15,6,6
3,55,28,6,11
4,61,22,6,11
5,54,31,3,12
6,53,31,5,11
7,65,23,4,8
8,68,15,5,12
9,62,26,3,9
10,73,10,8,9
11,69,18,8,5
12,59,25,7,9
13,74,12,7,7
14,61,19,7,13
15,41,38,9,12
16,62,22,8,8
17,68,15,8,9
18,67,19,6,8
