0,35,51,1,13
1,40,50,0,10
2,29,59,0,12
3,30,53,1,16
4,36,47,0,17
5,41,44,0,15
6,34,50,1,15
7,37,51,1,11
8,38,45,0,17
9,25,63,2,10
10,38,45,2,15
11,42,45,1,12
12,36,48,0,16
13,38,48,1,13
14,32,48,1,19
15,30,49,2,19
16,39,45,1,15
17,41,42,1,16
18,51,35,2,12
