0,66,20,4,10
1,75,15,5,5
2,55,33,2,10
3,66,17,9,8
4,56,27,6,11
5,51,34,3,12
6,49,35,3,13
7,56,32,6,6
8,68,15,4,13
9,47,41,3,9
10,75,8,11,6
11,78,9,10,3
12,74,10,6,10
13,78,8,9,5
14,48,32,1,19
15,59,20,12,9
16,63,21,6,10
17,73,10,9,8
18,60,26,5,9
