0,67,19,8,6
1,77,13,5,5
2,74,14,7,5
3,63,20,9,8
4,60,23,7,10
5,67,18,9,6
6,63,21,6,10
7,66,22,5,7
8,59,24,3,14
9,51,37,3,9
10,59,24,5,12
11,69,18,8,5
12,57,27,4,12
13,65,21,5,9
14,60,20,7,13
15,57,22,6,15
16,63,21,3,13
17,62,21,5,12
18,62,24,5,9
