0,75,11,6,8
1,76,14,5,5
2,73,15,5,7
3,69,14,8,9
4,70,13,9,8
5,72,13,8,7
6,65,19,8,8
7,72,16,4,8
8,69,14,4,13
9,68,20,4,8
10,70,13,7,10
11,78,9,10,3
12,65,19,2,14
13,74,12,6,8
14,71,9,10,10
15,61,18,14,7
16,74,10,6,10
17,71,12,7,10
18,73,13,6,8
