0,64,22,13,1
1,71,19,10,0
2,53,35,12,0
3,63,20,16,1
4,55,28,17,0
5,66,19,15,0
6,66,18,15,1
7,72,16,12,0
8,36,47,2,15
9,45,43,3,9
10,38,45,7,10
11,62,25,13,0
12,65,19,15,1
13,58,28,13,1
14,52,28,13,7
15,63,16,21,0
16,59,25,16,0
17,68,15,17,0
18,53,33,14,0
