0,86,0,14,0
1,90,0,10,0
2,88,0,12,0
3,82,1,17,0
4,39,44,0,17
5,39,46,0,15
6,83,1,16,0
7,35,53,1,11
8,83,0,17,0
9,20,68,1,11
10,83,0,17,0
11,43,44,0,13
12,84,0,16,0
13,86,0,14,0
14,80,0,20,0
15,27,52,1,20
16,23,61,0,16
17,83,0,16,1
18,86,0,14,0
