0,42,44,1,13
1,84,6,10,0
2,35,53,0,12
3,72,11,16,1
4,39,44,0,17
5,74,11,15,0
6,37,47,1,15
7,78,10,12,0
8,37,46,0,17
9,31,57,0,12
10,72,11,17,0
11,36,51,0,13
12,36,48,0,16
13,78,8,14,0
14,30,50,1,19
15,68,11,21,0
16,34,50,1,15
17,43,40,0,17
18,78,8,13,1
