0,44,42,1,13
1,87,3,9,1
2,83,5,12,0
3,74,9,16,1
4,75,8,16,1
5,79,6,14,1
6,75,9,15,1
7,79,9,12,0
8,77,6,16,1
9,79,9,11,1
10,78,5,15,2
11,77,10,9,4
12,75,9,16,0
13,78,8,13,1
14,66,14,14,6
15,75,4,15,6
16,77,7,15,1
17,76,7,13,4
18,84,2,13,1
