0,41,45,1,13
1,33,57,1,9
2,26,62,0,12
3,82,1,17,0
4,33,50,0,17
5,22,63,0,15
6,24,60,1,15
7,27,61,1,11
8,83,0,17,0
9,21,67,1,11
10,83,0,17,0
11,31,56,0,13
12,34,50,1,15
13,32,54,1,13
14,29,51,1,19
15,23,56,1,20
16,84,0,16,0
17,26,57,0,17
18,44,42,1,13
