0,45,41,1,13
1,47,43,0,10
2,38,50,0,12
3,40,43,1,16
4,41,42,1,16
5,49,36,0,15
6,41,43,1,15
7,40,48,1,11
8,39,44,0,17
9,35,53,2,10
10,53,30,1,16
11,54,33,1,12
12,44,40,1,15
13,47,39,1,13
14,44,36,2,18
15,44,35,2,19
16,52,32,2,14
17,47,36,1,16
18,58,28,1,13
