0,73,19,0,8
1,72,10,1,17
2,71,14,0,15
3,71,15,0,14
4,70,13,0,17
5,76,10,0,14
6,76,16,0,8
7,79,8,1,12
8,78,10,0,12
9,84,5,0,11
10,72,7,0,21
11,72,13,1,14
12,74,8,0,18
13,71,15,0,14
14,72,12,1,15
15,77,6,0,17
16,76,7,1,16
17,81,9,0,10
18,74,9,0,17
19,73,11,0,16
20,78,15,0,7
