0,63,29,1,7
1,70,12,3,15
2,52,33,2,13
3,43,43,0,14
4,56,27,1,16
5,50,36,2,12
6,65,27,1,7
7,77,10,7,6
8,56,32,0,12
9,58,31,0,11
10,51,28,3,18
11,43,42,0,15
12,58,24,2,16
13,42,44,0,14
14,50,34,0,16
15,49,34,0,17
16,47,36,1,16
17,68,22,1,9
18,56,27,1,16
19,60,24,0,16
20,51,42,0,7
