0,77,15,0,8
1,76,6,5,13
2,68,17,4,11
3,57,29,0,14
4,61,22,1,16
5,63,23,1,13
6,69,23,0,8
7,83,4,3,10
8,69,19,1,11
9,80,9,0,11
10,65,14,3,18
11,71,14,0,15
12,70,12,1,17
13,67,19,0,14
14,66,18,3,13
15,69,14,0,17
16,64,19,2,15
17,76,14,1,9
18,69,14,1,16
19,73,11,1,15
20,63,30,1,6
