0,0,92,0,8
1,0,82,0,18
2,0,85,0,15
3,0,86,0,14
4,0,83,0,17
5,0,86,0,14
6,0,92,0,8
7,0,87,0,13
8,0,88,0,12
9,2,87,0,11
10,2,77,0,21
11,4,81,0,15
12,3,79,0,18
13,5,81,0,14
14,10,74,0,16
15,5,78,0,17
16,7,76,0,17
17,13,77,1,9
18,14,69,0,17
19,19,65,1,15
20,19,74,1,6
