0,54,38,1,7
1,54,28,0,18
2,49,36,2,13
3,53,33,2,12
4,47,36,1,16
5,43,43,1,13
6,42,50,2,6
7,50,37,2,11
8,46,42,1,11
9,61,28,0,11
10,31,48,2,19
11,40,45,0,15
12,40,42,1,17
13,50,36,1,13
14,34,50,1,15
15,42,41,2,15
16,33,50,0,17
17,43,47,0,10
18,44,39,0,17
19,39,45,0,16
20,30,63,0,7
