0,73,19,0,8
1,72,10,1,17
2,70,15,0,15
3,72,14,0,14
4,70,13,0,17
5,75,11,0,14
6,76,16,0,8
7,79,8,0,13
8,77,11,0,12
9,83,6,0,11
10,72,7,0,21
11,72,13,1,14
12,76,6,0,18
13,70,16,0,14
14,71,13,0,16
15,76,7,0,17
16,74,9,0,17
17,81,9,0,10
18,72,11,0,17
19,73,11,0,16
20,78,15,0,7
