0,24,62,8,6
1,39,51,6,4
2,23,65,6,6
3,26,57,7,10
4,9,74,4,13
5,12,73,6,9
6,11,73,6,10
7,20,68,5,7
8,9,74,6,11
9,19,69,4,8
10,7,76,5,12
11,5,82,4,9
12,17,67,10,6
13,9,77,5,9
14,4,76,5,15
15,16,63,7,14
16,13,71,7,9
17,11,72,9,8
18,11,75,6,8
