0,74,12,10,4
1,72,18,7,3
2,78,10,9,3
3,70,13,13,4
4,77,6,13,4
5,78,7,11,4
6,69,15,12,4
7,79,9,5,7
8,75,8,8,9
9,76,12,6,6
10,77,6,10,7
11,77,10,12,1
12,74,10,9,7
13,76,10,13,1
14,77,3,19,1
15,66,13,15,6
16,78,6,10,6
17,74,9,13,4
18,80,6,7,7
