0,67,19,7,7
1,65,25,3,7
2,61,27,7,5
3,64,19,7,10
4,57,26,10,7
5,64,21,2,13
6,56,28,4,12
7,64,24,3,9
8,66,17,5,12
9,59,29,2,10
10,62,21,8,9
11,66,21,6,7
12,45,39,2,14
13,70,16,6,8
14,62,18,5,15
15,41,38,11,10
16,57,27,4,12
17,65,18,6,11
18,66,20,6,8
