0,80,6,13,1
1,83,7,10,0
2,81,7,12,0
3,80,3,17,0
4,74,9,17,0
5,79,6,15,0
6,76,8,16,0
7,77,11,12,0
8,74,9,17,0
9,84,4,11,1
10,73,10,16,1
11,76,11,13,0
12,74,10,16,0
13,79,7,14,0
14,69,11,19,1
15,73,6,20,1
16,74,10,15,1
17,74,9,17,0
18,76,10,13,1
