0,63,23,5,9
1,68,22,2,8
2,60,28,3,9
3,56,27,9,8
4,61,22,7,10
5,67,18,6,9
6,59,25,5,11
7,71,17,4,8
8,75,8,6,11
9,65,23,4,8
10,65,18,6,11
11,51,36,7,6
12,53,31,2,14
13,48,38,3,11
14,58,22,6,14
15,48,31,8,13
16,64,20,3,13
17,71,12,6,11
18,70,16,4,10
