0,75,11,7,7
1,85,5,8,2
2,70,18,3,9
3,69,14,9,8
4,68,15,6,11
5,67,18,10,5
6,66,18,7,9
7,73,15,5,7
8,69,14,5,12
9,70,18,5,7
10,75,8,7,10
11,72,15,8,5
12,66,18,5,11
13,81,5,13,1
14,77,3,13,7
15,68,11,14,7
16,79,5,8,8
17,76,7,10,7
18,75,11,5,9
