0,28,65,0,7
1,32,61,0,7
2,40,57,0,3
3,47,46,1,6
4,54,41,1,4
5,56,36,2,6
6,65,31,0,4
7,62,31,0,7
8,61,29,5,5
9,74,18,2,6
10,78,16,1,5
11,76,15,3,6
12,70,22,4,4
13,76,16,3,5
14,79,14,5,2
15,78,17,3,2
