0,64,22,13,1
1,71,19,10,0
2,53,35,12,0
3,63,20,16,1
4,54,29,17,0
5,66,19,15,0
6,66,18,15,1
7,72,16,12,0
8,36,47,1,16
9,41,47,3,9
10,32,51,7,10
11,49,38,8,5
12,45,39,4,12
13,48,38,3,11
14,35,45,0,20
15,63,16,20,1
16,63,21,16,0
17,64,19,16,1
18,31,55,4,10
