0,83,3,13,1
1,90,0,10,0
2,88,0,12,0
3,82,1,17,0
4,38,45,0,17
5,32,53,0,15
6,83,1,16,0
7,32,56,1,11
8,82,1,17,0
9,87,1,12,0
10,81,2,17,0
11,38,49,0,13
12,84,0,16,0
13,42,44,1,13
14,76,4,20,0
15,28,51,2,19
16,19,65,0,16
17,83,0,16,1
18,83,3,14,0
