0,43,43,1,13
1,85,5,10,0
2,35,53,0,12
3,72,11,16,1
4,39,44,0,17
5,72,13,15,0
6,36,48,1,15
7,76,12,12,0
8,37,46,0,17
9,31,57,0,12
10,72,11,17,0
11,36,51,0,13
12,38,46,0,16
13,80,6,14,0
14,27,53,1,19
15,33,46,2,19
16,70,14,16,0
17,36,47,0,17
18,79,7,14,0
