0,37,49,1,13
1,39,51,0,10
2,21,67,0,12
3,83,0,17,0
4,33,50,0,17
5,22,63,0,15
6,24,60,1,15
7,29,59,1,11
8,83,0,17,0
9,21,67,1,11
10,83,0,17,0
11,32,55,0,13
12,84,0,16,0
13,30,56,1,13
14,29,51,1,19
15,23,56,1,20
16,84,0,16,0
17,26,57,0,17
18,35,51,1,13
