0,45,41,1,13
1,47,43,0,10
2,39,49,0,12
3,39,44,1,16
4,42,41,1,16
5,49,36,0,15
6,41,43,1,15
7,42,46,1,11
8,41,42,0,17
9,35,53,2,10
10,53,30,1,16
11,55,32,1,12
12,44,40,1,15
13,49,37,1,13
14,44,36,2,18
15,44,35,2,19
16,52,32,2,14
17,46,37,1,16
18,57,29,1,13
