0,91,1,0,8
1,82,0,0,18
2,85,0,1,14
3,86,0,0,14
4,83,0,0,17
5,86,0,1,13
6,92,0,0,8
7,87,0,0,13
8,88,0,1,11
9,89,0,1,10
10,79,0,0,21
11,85,0,0,15
12,82,0,2,16
13,85,1,0,14
14,82,2,2,14
15,83,0,0,17
16,82,1,0,17
17,90,0,0,10
18,82,1,1,16
19,84,0,0,16
20,93,0,0,7
