0,89,3,0,8
1,82,0,1,17
2,81,4,1,14
3,84,2,0,14
4,83,0,1,16
5,86,0,2,12
6,90,2,0,8
7,86,1,0,13
8,85,3,1,11
9,88,1,2,9
10,79,0,4,17
11,84,1,2,13
12,82,0,4,14
13,85,1,1,13
14,81,3,4,12
15,82,1,0,17
16,81,2,3,14
17,89,1,0,10
18,82,1,1,16
19,82,2,0,16
20,93,0,1,6
