0,91,1,0,8
1,82,0,1,17
2,81,4,1,14
3,85,1,0,14
4,83,0,1,16
5,86,0,2,12
6,90,2,0,8
7,87,0,0,13
8,88,0,2,10
9,88,1,2,9
10,79,0,3,18
11,83,2,0,15
12,82,0,2,16
13,81,5,0,14
14,83,1,4,12
15,83,0,0,17
16,83,0,9,8
17,90,0,0,10
18,83,0,7,10
19,84,0,0,16
20,93,0,4,3
