0,90,2,0,8
1,82,0,1,17
2,84,1,1,14
3,82,4,0,14
4,83,0,1,16
5,73,13,1,13
6,88,4,0,8
7,85,2,0,13
8,83,5,0,12
9,87,2,2,9
10,79,0,1,20
11,80,5,0,15
12,82,0,2,16
13,83,3,0,14
14,79,5,2,14
15,82,1,0,17
16,80,3,0,17
17,88,2,0,10
18,82,1,1,16
19,83,1,0,16
20,91,2,0,7
