0,86,6,0,8
1,78,4,0,18
2,81,4,1,14
3,72,14,0,14
4,80,3,0,17
5,73,13,3,11
6,90,2,0,8
7,86,1,0,13
8,84,4,0,12
9,83,6,2,9
10,79,0,2,19
11,78,7,0,15
12,81,1,2,16
13,80,6,0,14
14,72,12,3,13
15,76,7,1,16
16,72,11,4,13
17,85,5,0,10
18,77,6,1,16
19,81,3,1,15
20,85,8,0,7
