0,91,1,0,8
1,82,0,1,17
2,85,0,1,14
3,84,2,0,14
4,82,1,0,17
5,86,0,1,13
6,91,1,0,8
7,87,0,1,12
8,87,1,1,11
9,89,0,2,9
10,79,0,4,17
11,84,1,1,14
12,82,0,3,15
13,86,0,0,14
14,83,1,3,13
15,83,0,0,17
16,82,1,0,17
17,90,0,0,10
18,82,1,1,16
19,84,0,0,16
20,93,0,0,7
