0,69,23,1,7
1,71,11,0,18
2,70,15,0,15
3,68,18,1,13
4,66,17,0,17
5,66,20,0,14
6,66,26,0,8
7,74,13,6,7
8,78,10,4,8
9,69,20,0,11
10,62,17,1,20
11,64,21,0,15
12,71,11,1,17
13,64,22,0,14
14,64,20,1,15
15,69,14,1,16
16,59,24,0,17
17,75,15,0,10
18,69,14,0,17
19,66,18,0,16
20,68,25,0,7
