0,92,0,5,3
1,82,0,18,0
2,85,0,13,2
3,86,0,14,0
4,83,0,17,0
5,86,0,12,2
6,92,0,8,0
7,87,0,13,0
8,88,0,12,0
9,89,0,9,2
10,79,0,21,0
11,85,0,13,2
12,82,0,18,0
13,86,0,12,2
14,84,0,15,1
15,83,0,15,2
16,83,0,17,0
17,90,0,9,1
18,83,0,17,0
19,84,0,14,2
20,93,0,6,1
