0,9,83,1,7
1,6,76,4,14
2,6,79,8,7
3,28,58,10,4
4,31,52,16,1
5,30,56,12,2
6,57,35,8,0
7,56,31,13,0
8,74,14,12,0
9,78,11,11,0
10,73,6,21,0
11,83,2,15,0
12,78,4,18,0
13,85,1,14,0
14,83,1,16,0
15,82,1,17,0
16,81,2,17,0
17,88,2,10,0
18,83,0,17,0
19,84,0,16,0
20,93,0,7,0
