0,89,3,5,3
1,82,0,17,1
2,74,11,2,13
3,86,0,13,1
4,83,0,17,0
5,86,0,13,1
6,92,0,8,0
7,87,0,13,0
8,88,0,11,1
9,89,0,10,1
10,79,0,21,0
11,85,0,14,1
12,79,3,10,8
13,86,0,13,1
14,84,0,14,2
15,83,0,13,4
16,83,0,14,3
17,86,4,5,5
18,81,2,11,6
19,84,0,16,0
20,93,0,7,0
