0,68,18,10,4
1,85,5,8,2
2,68,20,8,4
3,72,11,9,8
4,69,14,8,9
5,73,12,10,5
6,63,21,9,7
7,74,14,6,6
8,68,15,7,10
9,70,18,6,6
10,72,11,7,10
11,77,10,8,5
12,66,18,5,11
13,76,10,7,7
14,67,13,6,14
15,70,9,15,6
16,74,10,5,11
17,73,10,8,9
18,74,12,5,9
