0,21,65,8,6
1,33,57,5,5
2,16,72,7,5
3,19,64,8,9
4,14,69,2,15
5,12,73,5,10
6,13,71,7,9
7,20,68,5,7
8,7,76,5,12
9,19,69,4,8
10,12,71,7,10
11,9,78,2,11
12,17,67,10,6
13,12,74,4,10
14,6,74,5,15
15,16,63,6,15
16,12,72,6,10
17,9,74,7,10
18,12,74,7,7
