0,72,14,10,4
1,78,12,7,3
2,79,9,9,3
3,73,10,14,3
4,73,10,11,6
5,82,3,11,4
6,77,7,12,4
7,80,8,7,5
8,77,6,14,3
9,80,8,7,5
10,77,6,14,3
11,79,8,13,0
12,75,9,15,1
13,80,6,13,1
14,72,8,10,10
15,71,8,18,3
16,71,13,7,9
17,75,8,10,7
18,74,12,4,10
