0,60,26,5,9
1,64,26,3,7
2,64,24,5,7
3,58,25,9,8
4,56,27,8,9
5,63,22,4,11
6,51,33,3,13
7,61,27,3,9
8,60,23,4,13
9,65,23,4,8
10,64,19,8,9
11,66,21,6,7
12,51,33,4,12
13,76,10,7,7
14,55,25,4,16
15,45,34,7,14
16,57,27,4,12
17,59,24,4,13
18,66,20,4,10
