0,51,35,4,10
1,64,26,4,6
2,66,22,3,9
3,60,23,6,11
4,64,19,7,10
5,67,18,6,9
6,66,18,8,8
7,52,36,3,9
8,53,30,8,9
9,57,31,2,10
10,65,18,5,12
11,66,21,8,5
12,50,34,1,15
13,63,23,9,5
14,57,23,8,12
15,47,32,4,17
16,72,12,9,7
17,50,33,2,15
18,67,19,5,9
