0,69,17,5,9
1,85,5,6,4
2,74,14,6,6
3,71,12,9,8
4,67,16,8,9
5,68,17,9,6
6,69,15,7,9
7,70,18,4,8
8,69,14,4,13
9,62,26,4,8
10,72,11,6,11
11,75,12,9,4
12,71,13,5,11
13,75,11,3,11
14,68,12,7,13
15,73,6,13,8
16,70,14,8,8
17,70,13,9,8
18,71,15,5,9
