0,79,7,8,6
1,77,13,7,3
2,64,24,2,10
3,74,9,13,4
4,70,13,9,8
5,74,11,7,8
6,70,14,8,8
7,75,13,4,8
8,74,9,6,11
9,71,17,4,8
10,73,10,7,10
11,79,8,10,3
12,71,13,5,11
13,75,11,7,7
14,74,6,14,6
15,67,12,14,7
16,74,10,7,9
17,72,11,8,9
18,73,13,7,7
