0,79,7,7,7
1,90,0,10,0
2,66,22,2,10
3,70,13,9,8
4,73,10,11,6
5,70,15,7,8
6,68,16,8,8
7,75,13,4,8
8,72,11,6,11
9,71,17,4,8
10,73,10,7,10
11,79,8,12,1
12,71,13,5,11
13,77,9,8,6
14,78,2,15,5
15,70,9,15,6
16,5,79,4,12
17,72,11,8,9
18,75,11,6,8
