0,86,0,14,0
1,76,14,7,3
2,75,13,5,7
3,69,14,9,8
4,73,10,12,5
5,72,13,7,8
6,69,15,8,8
7,77,11,6,6
8,72,11,6,11
9,73,15,4,8
10,76,7,8,9
11,79,8,11,2
12,66,18,4,12
13,77,9,9,5
14,79,1,16,4
15,68,11,14,7
16,75,9,7,9
17,70,13,5,12
18,78,8,9,5
