0,78,8,8,6
1,71,19,5,5
2,76,12,5,7
3,55,28,9,8
4,73,10,12,5
5,68,17,6,9
6,64,20,8,8
7,77,11,6,6
8,75,8,6,11
9,67,21,4,8
10,76,7,8,9
11,79,8,11,2
12,67,17,4,12
13,78,8,8,6
14,67,13,9,11
15,67,12,14,7
16,72,12,7,9
17,75,8,9,8
18,77,9,9,5
