0,62,24,7,7
1,69,21,4,6
2,52,36,3,9
3,62,21,10,7
4,56,27,4,13
5,68,17,6,9
6,59,25,4,12
7,60,28,2,10
8,57,26,2,15
9,53,35,5,7
10,63,20,10,7
11,77,10,10,3
12,54,30,4,12
13,60,26,8,6
14,53,27,9,11
15,57,22,12,9
16,66,18,6,10
17,60,23,5,12
18,70,16,6,8
