0,86,0,14,0
1,76,14,5,5
2,75,13,6,6
3,68,15,10,7
4,71,12,10,7
5,57,28,6,9
6,53,31,6,10
7,65,23,4,8
8,68,15,6,11
9,62,26,4,8
10,73,10,8,9
11,70,17,8,5
12,59,25,5,11
13,74,12,6,8
14,61,19,7,13
15,42,37,9,12
16,63,21,9,7
17,67,16,7,10
18,62,24,6,8
