0,53,33,4,10
1,76,14,8,2
2,56,32,3,9
3,54,29,6,11
4,62,21,9,8
5,56,29,3,12
6,51,33,2,14
7,53,35,3,9
8,55,28,3,14
9,57,31,5,7
10,66,17,7,10
11,76,11,9,4
12,53,31,1,15
13,70,16,7,7
14,63,17,9,11
15,45,34,6,15
16,66,18,8,8
17,61,22,6,11
18,64,22,6,8
