0,84,2,14,0
1,90,0,10,0
2,88,0,12,0
3,82,1,17,0
4,83,0,17,0
5,83,2,15,0
6,84,0,16,0
7,85,3,12,0
8,83,0,17,0
9,88,0,12,0
10,81,2,16,1
11,83,4,12,1
12,83,1,16,0
13,85,1,14,0
14,78,2,20,0
15,78,1,21,0
16,83,1,16,0
17,81,2,17,0
18,81,5,14,0
