0,67,19,6,8
1,55,35,4,6
2,66,22,3,9
3,58,25,10,7
4,69,14,10,7
5,62,23,3,12
6,73,11,8,8
7,63,25,9,3
8,77,6,8,9
9,46,42,6,6
10,70,13,7,10
11,65,22,4,9
12,57,27,2,14
13,79,7,9,5
14,61,19,7,13
15,77,2,19,2
16,75,9,7,9
17,65,18,6,11
18,76,10,8,6
