0,70,16,9,5
1,79,11,6,4
2,64,24,6,6
3,66,17,14,3
4,63,20,10,7
5,74,11,7,8
6,63,21,5,11
7,65,23,3,9
8,63,20,3,14
9,56,32,5,7
10,65,18,6,11
11,70,17,9,4
12,59,25,5,11
13,77,9,6,8
14,73,7,11,9
15,56,23,12,9
16,74,10,6,10
17,63,20,6,11
18,70,16,4,10
