0,79,7,8,6
1,77,13,7,3
2,74,14,5,7
3,70,13,9,8
4,70,13,10,7
5,74,11,7,8
6,69,15,8,8
7,77,11,5,7
8,75,8,6,11
9,71,17,4,8
10,74,9,8,9
11,79,8,10,3
12,71,13,5,11
13,75,11,7,7
14,74,6,14,6
15,67,12,14,7
16,3,81,2,14
17,75,8,11,6
18,74,12,5,9
