0,77,9,7,7
1,90,0,10,0
2,67,21,3,9
3,71,12,9,8
4,73,10,12,5
5,71,14,8,7
6,68,16,8,8
7,75,13,4,8
8,72,11,5,12
9,71,17,4,8
10,73,10,7,10
11,79,8,12,1
12,69,15,5,11
13,77,9,8,6
14,78,2,15,5
15,69,10,16,5
16,11,73,3,13
17,73,10,7,10
18,76,10,7,7
