0,86,0,14,0
1,78,12,7,3
2,66,22,2,10
3,69,14,9,8
4,73,10,12,5
5,73,12,8,7
6,68,16,8,8
7,77,11,7,5
8,72,11,6,11
9,72,16,4,8
10,76,7,8,9
11,79,8,10,3
12,68,16,5,11
13,77,9,7,7
14,79,1,15,5
15,67,12,14,7
16,76,8,9,7
17,70,13,6,11
18,77,9,8,6
