0,73,13,8,6
1,74,16,5,5
2,75,13,5,7
3,72,11,11,6
4,68,15,11,6
5,81,4,11,4
6,57,27,6,10
7,78,10,6,6
8,77,6,8,9
9,65,23,4,8
10,76,7,9,8
11,78,9,9,4
12,62,22,2,14
13,77,9,9,5
14,73,7,14,6
15,65,14,14,7
16,74,10,6,10
17,70,13,5,12
18,73,13,5,9
