0,65,27,0,8
1,68,14,0,18
2,73,12,0,15
3,62,24,0,14
4,59,24,0,17
5,59,27,0,14
6,69,23,0,8
7,72,15,0,13
8,64,24,1,11
9,65,24,0,11
10,62,17,0,21
11,70,15,1,14
12,73,9,0,18
13,65,21,1,13
14,68,16,0,16
15,68,15,0,17
16,64,19,0,17
17,76,14,0,10
18,67,16,0,17
19,68,16,0,16
20,66,27,0,7
