0,62,30,0,8
1,73,9,0,18
2,73,12,0,15
3,64,22,0,14
4,59,24,0,17
5,63,23,0,14
6,73,19,0,8
7,73,14,0,13
8,66,22,1,11
9,71,18,1,10
10,64,15,1,20
11,72,13,1,14
12,73,9,1,17
13,64,22,1,13
14,65,19,0,16
15,68,15,0,17
16,63,20,1,16
17,75,15,0,10
18,61,22,0,17
19,64,20,0,16
20,63,30,0,7
