0,64,28,0,8
1,78,4,0,18
2,77,8,0,15
3,64,22,0,14
4,72,11,0,17
5,74,12,0,14
6,79,13,1,7
7,83,4,0,13
8,74,14,1,11
9,82,7,2,9
10,69,10,1,20
11,80,5,1,14
12,78,4,1,17
13,71,15,0,14
14,73,11,1,15
15,69,14,0,17
16,77,6,1,16
17,82,8,1,9
18,70,13,0,17
19,71,13,0,16
20,74,19,1,6
