0,69,23,0,8
1,82,0,18,0
2,78,7,0,15
3,71,15,0,14
4,74,9,0,17
5,76,10,0,14
6,82,10,1,7
7,85,2,3,10
8,75,13,1,11
9,85,4,2,9
10,74,5,1,20
11,82,3,1,14
12,76,6,1,17
13,73,13,0,14
14,71,13,1,15
15,72,11,0,17
16,79,4,0,17
17,80,10,1,9
18,74,9,0,17
19,72,12,0,16
20,72,21,1,6
