0,56,36,4,4
1,53,29,5,13
2,61,24,8,7
3,54,32,10,4
4,66,17,13,4
5,69,17,11,3
6,79,13,7,1
7,78,9,11,2
8,83,5,12,0
9,82,7,11,0
10,75,4,21,0
11,84,1,15,0
12,81,1,18,0
13,85,1,14,0
14,84,0,16,0
15,82,1,17,0
16,81,2,17,0
17,90,0,10,0
18,83,0,17,0
19,84,0,16,0
20,93,0,7,0
