0,68,24,0,8
1,70,12,0,18
2,72,13,0,15
3,62,24,0,14
4,59,24,0,17
5,60,26,0,14
6,70,22,0,8
7,69,18,0,13
8,65,23,1,11
9,65,24,1,10
10,60,19,0,21
11,62,23,1,14
12,72,10,1,17
13,60,26,1,13
14,60,24,1,15
15,66,17,0,17
16,62,21,1,16
17,75,15,0,10
18,62,21,0,17
19,66,18,0,16
20,64,29,0,7
